-59.000000 -0.003800
-58.000000 -0.006173
-57.000000 -0.003860
-56.000000 -0.006614
-55.000000 -0.008152
-54.000000 -0.007965
-53.000000 -0.010026
-52.000000 -0.011435
-51.000000 -0.011057
-50.000000 -0.010666
-49.000000 -0.009852
-48.000000 -0.009030
-47.000000 -0.010610
-46.000000 -0.008831
-45.000000 -0.008837
-44.000000 -0.007601
-43.000000 -0.006231
-42.000000 -0.005282
-41.000000 -0.004821
-40.000000 -0.003511
-39.000000 -0.003900
-38.000000 -0.005646
-37.000000 -0.007676
-36.000000 -0.009747
-35.000000 -0.010291
-34.000000 -0.013094
-33.000000 -0.016780
-32.000000 -0.018990
-31.000000 -0.018138
-30.000000 -0.018307
-29.000000 -0.020670
-28.000000 -0.021539
-27.000000 -0.020522
-26.000000 -0.015353
-25.000000 -0.012330
-24.000000 -0.012586
-23.000000 -0.013799
-22.000000 -0.011947
-21.000000 -0.007497
-20.000000 -0.005726
-19.000000 -0.007056
-18.000000 -0.008549
-17.000000 -0.008955
-16.000000 -0.006651
-15.000000 -0.007425
-14.000000 -0.007343
-13.000000 -0.008734
-12.000000 -0.005782
-11.000000 -0.005723
-10.000000 -0.002776
-9.000000 -0.002476
-8.000000 -0.003539
-7.000000 -0.001810
-6.000000 0.000756
-5.000000 0.002949
-4.000000 0.003036
-3.000000 0.003506
-2.000000 0.003913
-1.000000 0.000177
0.000000 0.010616
1.000000 0.032772
2.000000 0.036363
3.000000 0.039245
4.000000 0.039370
5.000000 0.040967
6.000000 0.044327
7.000000 0.044044
8.000000 0.041346
9.000000 0.040528
10.000000 0.036784
11.000000 0.034540
12.000000 0.031915
13.000000 0.028768
14.000000 0.029829
15.000000 0.031066
16.000000 0.029938
17.000000 0.030928
18.000000 0.030587
19.000000 0.032583
20.000000 0.035707
21.000000 0.035794
22.000000 0.032288
23.000000 0.028440
24.000000 0.026684
25.000000 0.025732
26.000000 0.025160
27.000000 0.026185
28.000000 0.026666
29.000000 0.026722
30.000000 0.026276
31.000000 0.023635
32.000000 0.021199
33.000000 0.020166
34.000000 0.023404
35.000000 0.023878
36.000000 0.022216
37.000000 0.021555
38.000000 0.025641
39.000000 0.028676
40.000000 0.032550
41.000000 0.036743
42.000000 0.039475
43.000000 0.042263
44.000000 0.044484
45.000000 0.049379
46.000000 0.052245
47.000000 0.055504
48.000000 0.057859
49.000000 0.061098
50.000000 0.064131
51.000000 0.064841
52.000000 0.066300
53.000000 0.068259
54.000000 0.068447
55.000000 0.068413
56.000000 0.069589
57.000000 0.069781
58.000000 0.071300
59.000000 0.070770
60.000000 0.069833
