-59.000000 -0.002743
-58.000000 -0.003766
-57.000000 -0.003171
-56.000000 -0.004269
-55.000000 -0.005574
-54.000000 -0.005190
-53.000000 -0.004559
-52.000000 -0.002907
-51.000000 -0.001786
-50.000000 -0.001886
-49.000000 -0.002002
-48.000000 -0.001563
-47.000000 -0.000363
-46.000000 -0.001262
-45.000000 -0.001374
-44.000000 -0.000175
-43.000000 0.001713
-42.000000 0.001470
-41.000000 0.003172
-40.000000 0.003417
-39.000000 0.003067
-38.000000 0.002527
-37.000000 0.001015
-36.000000 0.001564
-35.000000 0.000145
-34.000000 -0.000807
-33.000000 -0.002266
-32.000000 -0.004021
-31.000000 -0.003518
-30.000000 -0.004346
-29.000000 -0.003282
-28.000000 -0.002958
-27.000000 -0.002292
-26.000000 -0.001039
-25.000000 -0.000931
-24.000000 0.000887
-23.000000 0.002272
-22.000000 0.002016
-21.000000 0.001113
-20.000000 0.000758
-19.000000 0.003011
-18.000000 0.004051
-17.000000 0.005592
-16.000000 0.007059
-15.000000 0.005277
-14.000000 0.004969
-13.000000 0.005421
-12.000000 0.008009
-11.000000 0.008080
-10.000000 0.009496
-9.000000 0.010871
-8.000000 0.011079
-7.000000 0.012443
-6.000000 0.014859
-5.000000 0.015168
-4.000000 0.015617
-3.000000 0.014760
-2.000000 0.014551
-1.000000 0.015451
0.000000 0.012502
1.000000 0.015476
2.000000 0.019738
3.000000 0.023348
4.000000 0.025801
5.000000 0.028825
6.000000 0.030510
7.000000 0.030395
8.000000 0.029724
9.000000 0.028499
10.000000 0.027718
11.000000 0.028079
12.000000 0.027071
13.000000 0.026912
14.000000 0.027634
15.000000 0.028706
16.000000 0.027785
17.000000 0.029312
18.000000 0.028726
19.000000 0.027043
20.000000 0.026680
21.000000 0.027526
22.000000 0.026644
23.000000 0.023994
24.000000 0.023552
25.000000 0.023799
26.000000 0.022684
27.000000 0.023480
28.000000 0.022728
29.000000 0.021556
30.000000 0.021683
31.000000 0.019910
32.000000 0.018537
33.000000 0.017401
34.000000 0.018248
35.000000 0.019728
36.000000 0.019727
37.000000 0.019786
38.000000 0.022998
39.000000 0.024140
40.000000 0.026629
41.000000 0.029937
42.000000 0.032386
43.000000 0.033067
44.000000 0.036026
45.000000 0.038030
46.000000 0.042014
47.000000 0.042928
48.000000 0.044876
49.000000 0.044979
50.000000 0.044771
51.000000 0.043905
52.000000 0.044526
53.000000 0.044869
54.000000 0.045552
55.000000 0.045339
56.000000 0.045042
57.000000 0.044977
58.000000 0.045042
59.000000 0.043983
60.000000 0.043895
