-59.000000 -0.003023
-58.000000 -0.004922
-57.000000 -0.004680
-56.000000 -0.009161
-55.000000 -0.013151
-54.000000 -0.012625
-53.000000 -0.012159
-52.000000 -0.012438
-51.000000 -0.012112
-50.000000 -0.010009
-49.000000 -0.010067
-48.000000 -0.009876
-47.000000 -0.011819
-46.000000 -0.013837
-45.000000 -0.013264
-44.000000 -0.012141
-43.000000 -0.010861
-42.000000 -0.011682
-41.000000 -0.009814
-40.000000 -0.007147
-39.000000 -0.007738
-38.000000 -0.005387
-37.000000 -0.008762
-36.000000 -0.010573
-35.000000 -0.010869
-34.000000 -0.014715
-33.000000 -0.020426
-32.000000 -0.022542
-31.000000 -0.024955
-30.000000 -0.026202
-29.000000 -0.025647
-28.000000 -0.030020
-27.000000 -0.028904
-26.000000 -0.023502
-25.000000 -0.022337
-24.000000 -0.021218
-23.000000 -0.019770
-22.000000 -0.017153
-21.000000 -0.017584
-20.000000 -0.019667
-19.000000 -0.020811
-18.000000 -0.020869
-17.000000 -0.018816
-16.000000 -0.018140
-15.000000 -0.019697
-14.000000 -0.020547
-13.000000 -0.020325
-12.000000 -0.018056
-11.000000 -0.019235
-10.000000 -0.016516
-9.000000 -0.016026
-8.000000 -0.017222
-7.000000 -0.016524
-6.000000 -0.013064
-5.000000 -0.011533
-4.000000 -0.011157
-3.000000 -0.011943
-2.000000 -0.011629
-1.000000 -0.014204
0.000000 -0.033939
1.000000 -0.052960
2.000000 -0.047080
3.000000 -0.043980
4.000000 -0.042102
5.000000 -0.038441
6.000000 -0.037628
7.000000 -0.040784
8.000000 -0.042256
9.000000 -0.045581
10.000000 -0.049831
11.000000 -0.050413
12.000000 -0.051365
13.000000 -0.054575
14.000000 -0.054458
15.000000 -0.053763
16.000000 -0.053236
17.000000 -0.052054
18.000000 -0.050970
19.000000 -0.049237
20.000000 -0.048607
21.000000 -0.050989
22.000000 -0.053118
23.000000 -0.054879
24.000000 -0.056308
25.000000 -0.055545
26.000000 -0.057850
27.000000 -0.057386
28.000000 -0.058470
29.000000 -0.059184
30.000000 -0.059365
31.000000 -0.056618
32.000000 -0.059381
33.000000 -0.062381
34.000000 -0.061054
35.000000 -0.059497
36.000000 -0.059898
37.000000 -0.059469
38.000000 -0.055734
39.000000 -0.051961
40.000000 -0.051157
41.000000 -0.044210
42.000000 -0.039820
43.000000 -0.037748
44.000000 -0.033155
45.000000 -0.026178
46.000000 -0.021580
47.000000 -0.014942
48.000000 -0.012690
49.000000 -0.009550
50.000000 -0.007372
51.000000 -0.009190
52.000000 -0.009188
53.000000 -0.007303
54.000000 -0.005736
55.000000 -0.005088
56.000000 -0.004556
57.000000 -0.000269
58.000000 0.000115
59.000000 0.000553
60.000000 0.000281
